26
50
217
42
243
97
39
169
111
170
184
73
160
21
119
146
48
247
175
195
91
55
192
230
157
81
14
209
75
6
207
154
195
10
100
99
126
126
33
183
148
113
28
254
9
109
250
68
194
75
243
241
158
10
226
59
167
55
188
47
24
150
227
58
228
12
2
106
96
113
75
217
5
87
152
248
39
170
189
45
183
160
158
170
12
235
249
174
159
71
14
17
231
246
97
76
122
220
128
166
242
167
253
27
145
180
60
184
247
181
42
245
30
225
53
132
182
161
156
126
140
49
15
36
93
7
83
252
54
27
207
195
242
227
146
104
137
1
123
52
70
214
168
201
14
34
126
36
48
106
45
38
119
170
20
34
12
80
207
40
11
47
240
21
178
127
60
153
182
144
213
228
30
193
101
83
40
113
181
12
36
140
206
225
150
139
31
221
234
86
46
214
197
193
76
81
84
44
164
101
41
146
179
136
158
127
83
201
238
130
211
240
128
158
199
72
211
31
75
119
79
41
192
176
61
197
229
172
117
16
201
213
228
81
64
159
140
132
201
188
35
50
200
220
245
181
36
19
70
62
214
12
180
94
221
227
133
87
77
247
219
137
71
28
170
2
120
150
254
2
132
189
202
149
50
247
211
140
141
228
175
92
130
14
35
64
96
124
40
191
6
17
80
64
33
181
223
163
220
58
133
54
119
73
51
191
76
168
117
85
184
212
157
248
172
26
157
88
234
71
97
102
222
226
253
69
28
19
73
215
158
150
217
195
242
2
109
127
189
69
71
52
75
115
207
32
231
178
166
242
200
209
68
96
251
123
129
58
120
193
64
200
46
35
110
137
39
129
236
116
144
16
187
96
47
124
27
153
107
9
10
246
220
82
148
129
208
213
246
5
59
135
136
102
242
45
85
74
160
37
75
183
119
217
120
90
171
100
36
70
175
226
73
41
102
20
105
243
228
52
68
39
196
236
120
170
251
219
103
2
169
206
194
176
160
145
250
227
74
58
56
152
1
121
49
247
219
114
128
35
88
120
61
176
229
128
106
116
10
84
192
106
116
245
197
180
71
33
219
172
182
16
131
149
147
2
206
196
62
167
25
208
154
102
150
192
188
62
41
48
31
24
93
117
31
209
154
111
90
50
115
183
44
148
75
5
18
178
195
79
150
247
223
221
58
219
86
161
39
211
226
60
116
249
77
234
221
99
84
177
42
217
126
211
8
250
47
17
143
196
133
230
175
186
120
206
175
148
103
70
155
38
112
55
18
87
182
26
110
122
16
132
34
239
120
176
30
91
130
139
150
114
170
76
139
61
211
41
151
106
230
19
66
228
244
163
79
142
106
30
189
102
247
82
82
119
57
113
233
135
92
225
136
24
152
35
129
221
141
165
253
74
53
109
255
91
203
228
150
145
202
175
19
141
125
84
2
17
148
242
64
228
49
41
173
136
236
31
152
200
197
63
166
222
130
98
17
223
152
12
230
90
116
17
49
164
37
106
119
144
205
156
163
120
132
154
193
67
150
168
75
21
241
216
195
243
24
166
249
58
38
112
240
26
242
109
49
14
190
42
221
8
57
55
71
234
205
192
92
6
136
10
173
98
127
137
6
43
137
238
155
42
118
38
65
222
209
167
2
97
249
181
135
38
180
161
132
119
216
171
226
37
176
7
152
39
28
86
195
83
228
97
89
175
32
230
141
22
87
71
116
61
1
139
193
176
251
141
161
199
101
12
0
217
188
245
154
102
155
174
62
99
224
211
132
147
103
7
189
81
150
21
82
117
86
73
143
252
117
25
127
233
96
164
226
140
119
87
97
24
10
141
87
207
143
47
118
186
31
125
198
216
231
176
213
213
203
169
160
187
14
55
249
60
222
152
131
133
133
68
151
161
153
226
55
185
94
185
10
86
108
84
93
1
17
251
232
187
88
247
19
158
199
224
127
149
7
222
13
116
119
239
34
71
18
188
145
253
11
12
14
28
231
201
144
166
130
133
174
193
119
16
240
68
236
69
192
19
209
163
123
235
219
40
225
123
203
122
129
183
108
215
245
206
140
203
184
155
171
237
212
64
241
149
173
74
99
15
223
131
150
150
38
26
216
161
108
94
3
164
18
122
34
210
159
9
18
150
132
66
176
74
194
125
10
139
88
155
230
5
206
240
127
173
230
173
222
127
217
193
15
65
194
222
29
70
72
251
107
179
135
63
210
191
137
0
165
238
109
23
43
17
106
171
202
10
213
56
118
224
117
236
60
111
88
95
167
133
194
250
173
42
13
219
185
157
116
208
7
223
169
53
18
73
96
101
193
146
208
20
91
59
110
136
40
76
243
38
167
39
191
140
185
192
190
143
253
181
241
61
94
60
219
105
137
201
205
74
249
0
227
105
245
38
243
74
73
200
38
251
101
95
199
13
99
177
180
116
1
156
180
89
158
163
45
204
246
16
177
85
120
80
225
216
89
238
133
253
199
38
221
144
131
77
159
209
201
198
117
74
67
239
219
178
142
141
122
63
225
35
195
127
23
85
102
215
249
176
185
194
152
94
28
35
137
161
54
159
150
123
194
41
92
227
96
121
255
193
197
69
56
243
255
42
140
67
54
55
181
23
230
149
1
242
172
131
205
237
76
97
229
152
192
133
157
244
81
113
255
152
214
167
205
231
135
79
191
136
248
213
48
53
173
57
16
234
9
17
90
233
252
126
85
132
57
210
205
135
110
249
197
138
237
82
68
35
146
100
132
165
203
248
52
122
23
240
246
129
72
237
170
128
103
117
232
211
126
174
216
81
246
166
15
21
195
80
245
180
251
170
122
182
47
115
116
204
215
99
148
175
157
63
93
253
1
68
225
40
51
20
8
6
199
20
224
245
89
187
3
141
224
108
65
130
245
167
28
170
155
58
75
131
29
117
113
150
0
138
211
22
43
103
144
93
81
19
201
57
57
168
93
230
176
207
0
22
84
211
63
25
43
20
95
128
61
157
68
25
148
136
208
166
149
84
60
106
14
41
139
122
231
223
131
31
63
220
166
99
1
144
10
91
138
156
0
164
206
147
222
234
221
246
0
38
141
94
200
25
24
178
124
167
138
182
61
172
71
108
48
51
167
244
118
18
17
239
120
102
148
87
169
192
66
137
150
182
175
166
197
152
17
92
45
114
248
37
152
249
165
68
31
229
16
190
101
36
203
77
93
41
176
180
1
216
161
85
136
192
25
87
22
168
51
175
183
13
28
85
248
38
91
201
252
115
145
254
48
213
106
95
70
21
129
170
138
34
234
208
239
104
220
66
193
16
74
97
58
74
74
166
225
230
87
95
248
48
2
23
113
234
105
127
87
150
26
132
155
237
36
19
41
78
122
177
156
143
26
21
89
237
15
72
5
6
166
251
72
223
168
193
231
212
38
182
106
255
98
65
206
148
35
170
207
27
5
66
28
14
21
254
119
72
171
245
44
253
82
176
114
66
117
100
28
230
67
72
198
16
248
27
171
163
232
97
224
73
107
124
61
101
195
139
253
186
193
116
156
220
18
227
125
182
110
79
42
19
27
96
94
87
207
207
85
202
119
78
241
47
131
185
33
190
1
120
138
112
45
36
46
196
208
32
3
0
194
122
90
212
23
255
122
228
93
64
158
252
15
42
250
196
122
227
218
124
228
220
70
199
55
21
26
227
178
255
72
10
177
12
161
31
200
44
224
33
234
18
227
47
73
37
169
15
160
136
14
158
223
106
177
153
139
13
210
230
217
35
31
5
165
251
137
20
88
169
182
94
19
211
218
135
171
112
138
17
67
2
139
233
160
141
248
119
193
207
29
238
198
143
233
123
139
133
43
99
41
132
139
106
200
145
46
101
81
142
235
60
236
131
173
255
22
116
25
242
146
199
40
160
99
38
144
18
31
89
97
190
107
248
88
254
171
65
147
103
249
223
112
19
224
120
25
228
112
253
124
150
104
48
107
192
20
56
61
126
162
237
40
124
220
70
237
174
76
79
235
90
39
111
150
113
28
254
192
32
16
13
35
81
234
118
40
236
231
58
250
171
162
186
237
247
210
58
164
93
174
89
174
116
138
52
235
22
214
129
206
227
165
46
202
170
27
124
14
175
87
193
197
112
220
15
29
90
129
139
72
0
33
123
218
242
92
238
1
69
252
80
83
76
13
56
36
74
93
244
165
31
208
118
200
47
5
14
141
208
134
63
39
161
204
246
98
16
81
207
30
70
227
89
149
200
82
84
253
83
108
51
51
56
248
171
33
44
194
209
27
145
245
134
11
40
102
244
254
12
217
174
129
58
102
245
109
61
56
84
72
171
122
3
204
167
97
22
24
8
242
47
78
148
160
114
58
121
171
162
202
141
125
58
77
6
97
239
46
60
94
172
20
147
223
47
39
60
28
71
179
11
181
137
236
99
43
141
91
210
238
135
192
136
23
14
217
183
50
77
64
222
63
130
55
247
66
96
207
244
62
13
89
219
29
81
240
37
31
74
34
171
239
197
150
138
29
35
168
34
147
243
83
166
134
176
68
23
176
251
222
148
199
236
141
197
192
171
185
54
199
67
136
3
236
50
22
116
235
59
62
117
95
126
23
154
200
39
225
169
28
44
38
183
214
40
92
120
216
44
238
139
103
167
164
192
182
165
177
109
29
49
190
192
87
206
97
190
218
116
31
99
153
88
32
137
194
181
169
144
29
209
53
98
210
0
175
65
72
1
209
141
141
244
112
227
101
89
45
194
213
199
71
66
128
69
219
137
224
51
6
124
18
237
105
222
137
169
254
182
223
174
11
18
238
221
217
35
160
83
101
100
77
211
29
107
106
151
173
33
47
45
230
254
10
189
201
88
10
72
125
249
61
178
64
5
146
174
206
100
113
139
31
192
103
187
237
141
134
196
121
41
210
39
30
52
253
164
126
5
2
194
243
7
227
208
20
33
227
92
47
2
96
239
201
202
243
215
174
93
95
19
242
159
117
193
96
245
136
72
17
127
204
212
163
34
174
117
194
110
33
56
137
60
25
164
24
246
93
119
130
93
19
143
90
123
102
117
101
254
206
59
136
22
57
28
234
109
86
88
23
251
242
87
32
36
128
150
175
247
102
140
43
226
221
234
116
139
31
145
211
180
166
55
27
98
248
44
12
66
128
56
51
100
43
200
32
124
102
26
87
237
59
187
180
168
112
15
21
246
25
150
101
223
164
123
254
135
246
63
176
99
86
164
128
177
119
55
12
164
13
255
81
77
69
195
47
124
48
150
154
126
77
240
73
227
88
69
34
21
233
46
228
43
253
211
180
163
102
199
242
84
114
68
137
16
112
30
87
108
250
68
23
59
222
9
50
244
217
0
143
247
59
203
187
224
95
240
170
90
230
11
249
90
25
121
218
162
181
66
206
211
11
178
197
133
134
215
99
227
153
85
92
31
138
97
101
31
126
108
140
93
199
225
176
14
24
30
181
52
146
104
208
158
254
155
16
200
10
238
165
233
187
226
22
92
80
90
10
205
45
129
217
215
240
177
101
89
95
111
17
57
64
225
138
110
214
246
196
30
105
190
254
225
207
137
90
212
80
90
242
22
211
204
0
94
13
10
35
245
198
215
242
170
147
89
137
217
186
56
193
123
108
247
86
176
236
145
177
7
175
194
110
98
180
163
173
55
166
134
212
21
228
106
54
177
105
77
100
228
193
233
184
231
33
81
128
42
236
83
199
173
93
206
89
236
151
195
135
59
169
135
70
207
205
39
169
77
166
99
230
245
131
59
113
166
121
153
248
173
13
240
221
8
104
97
145
186
77
18
230
36
234
11
250
47
172
38
250
63
47
204
65
70
160
54
215
89
2
42
151
254
136
9
102
74
162
81
42
56
203
95
56
118
69
116
164
149
182
104
92
87
207
209
224
165
14
178
56
44
243
122
226
217
190
135
225
172
172
42
108
141
72
165
158
239
209
30
144
134
24
182
18
11
124
69
123
229
252
42
130
138
176
46
26
24
245
47
162
161
184
72
126
216
229
209
60
71
54
94
123
120
113
110
149
240
163
168
194
86
104
152
105
58
244
55
141
111
223
43
25
18
23
127
121
247
5
97
14
121
85
25
237
16
119
140
132
161
79
158
12
100
143
39
239
184
178
241
193
23
19
165
192
42
118
14
107
137
128
72
57
155
243
121
206
100
150
96
45
176
254
99
151
69
37
238
33
53
110
122
63
202
78
57
152
97
39
214
253
71
51
57
174
125
112
145
234
157
243
186
31
69
247
112
44
81
23
11
190
215
45
235
113
26
251
126
80
101
254
20
247
240
22
168
4
228
72
18
252
182
116
6
95
73
14
64
185
58
170
176
225
25
112
73
159
27
136
98
171
227
132
122
174
170
120
64
40
210
190
96
226
172
34
21
146
51
140
151
91
3
178
157
151
197
126
9
195
142
207
63
166
232
130
95
215
177
138
124
193
27
188
87
228
117
66
68
5
39
215
244
218
40
206
214
13
19
72
142
111
162
110
129
13
220
55
42
180
188
216
32
216
176
205
250
161
13
4
143
251
133
39
215
29
58
184
68
0
217
213
74
220
21
72
207
5
251
41
161
78
56
0
194
240
207
95
155
39
181
155
101
1
82
178
101
199
156
191
20
174
39
127
144
37
125
219
41
252
223
51
252
54
81
165
102
83
110
175
32
124
87
57
75
68
16
242
65
20
46
102
224
129
93
118
53
5
207
99
116
122
143
176
118
147
110
66
61
150
170
58
15
38
233
135
46
162
207
178
125
200
217
88
77
148
1
211
203
243
54
33
89
38
227
82
24
194
190
211
78
208
170
207
126
143
117
168
242
180
124
68
68
20
80
81
188
84
22
37
139
161
5
98
206
179
62
18
113
213
135
129
59
81
219
112
174
77
131
110
114
61
64
90
19
60
50
101
99
30
18
128
253
86
43
24
181
192
35
148
231
23
109
137
186
129
225
38
200
87
50
212
204
255
177
150
62
189
208
245
105
141
2
68
66
6
238
233
154
122
179
36
169
57
136
96
98
199
103
107
250
109
171
103
204
91
67
59
217
189
144
181
95
56
248
174
253
128
204
231
87
120
250
109
75
92
145
241
211
146
192
164
59
100
12
59
185
22
113
26
92
139
61
158
13
175
59
81
80
139
132
72
222
107
102
240
137
61
4
213
55
98
52
245
18
237
187
56
98
213
180
231
114
91
118
120
245
165
194
156
245
94
79
91
13
193
71
62
191
177
20
169
193
248
197
215
59
60
108
200
153
39
52
161
135
81
7
37
214
154
76
77
233
255
233
59
25
99
204
106
85
157
155
65
81
65
171
215
160
177
123
238
170
220
19
189
157
221
39
39
239
50
43
170
12
172
105
220
27
76
75
240
134
234
205
43
92
245
136
248
254
165
109
187
254
3
231
78
159
36
13
85
82
86
47
218
130
112
196
190
23
86
250
3
221
93
241
222
52
126
231
249
110
124
28
140
223
125
53
96
93
8
109
234
239
74
170
132
201
127
41
109
199
63
61
248
214
151
42
99
30
32
104
204
90
245
184
130
180
124
148
119
40
93
129
171
253
36
101
196
148
86
109
45
153
201
59
150
103
131
40
127
181
163
10
225
193
206
251
60
246
30
19
186
60
140
46
54
45
197
235
137
104
123
202
245
113
51
66
97
213
208
96
62
157
215
185
65
178
243
4
161
247
186
144
133
228
28
236
109
146
200
37
187
249
162
28
44
81
253
162
198
7
149
211
93
206
255
29
186
106
100
53
53
178
159
134
241
240
228
233
246
177
215
170
123
11
143
42
73
17
12
60
169
61
83
128
99
161
59
75
47
23
53
186
210
104
49
115
76
96
193
67
176
111
109
187
134
63
155
101
75
19
131
111
128
250
123
187
115
183
101
198
1
245
2
183
239
248
5
40
171
234
42
181
24
251
142
29
121
180
236
129
11
95
98
11
89
35
176
177
115
154
58
159
221
9
9
249
145
162
32
188
126
16
161
80
234
57
81
62
89
162
100
190
84
67
88
164
31
175
184
222
13
45
73
183
167
184
64
180
143
254
146
225
205
178
77
223
64
21
221
4
136
223
9
189
185
152
133
47
117
232
101
128
123
6
195
43
37
0
151
120
71
118
33
95
32
80
32
57
191
215
105
111
163
83
239
133
164
40
194
244
70
231
62
160
182
104
172
26
182
236
90
241
221
179
5
196
48
90
8
138
217
8
83
184
50
139
215
82
54
36
106
93
241
42
116
205
104
195
186
156
221
113
65
164
239
172
121
128
144
172
253
178
126
136
89
188
234
197
67
163
49
68
212
197
50
12
221
26
116
57
184
136
135
193
222
74
172
44
240
223
72
20
102
248
196
192
108
40
153
64
146
150
142
82
194
121
48
148
170
254
102
55
163
5
199
140
232
254
11
195
226
105
163
26
233
160
11
142
157
198
222
28
35
244
73
71
87
100
174
3
127
69
124
19
132
20
58
216
123
44
178
40
63
49
198
40
224
210
235
207
170
219
142
240
48
88
162
124
214
59
74
68
158
110
122
138
51
155
50
72
240
201
124
199
91
78
228
160
60
9
190
213
97
138
127
195
171
105
35
57
49
100
98
154
166
81
2
58
65
106
184
71
135
147
248
229
147
0
209
178
24
248
118
242
138
15
39
168
3
206
120
95
116
13
151
24
92
156
159
237
195
38
66
210
179
164
6
9
200
151
89
173
204
101
33
100
162
147
34
77
184
155
18
31
224
232
255
19
0
216
166
0
60
4
82
184
239
81
145
172
222
105
153
30
84
255
104
156
22
162
59
167
241
39
7
52
239
64
140
144
176
138
51
64
147
250
43
218
27
155
197
207
81
42
167
68
245
207
255
133
4
160
226
124
207
234
92
243
243
149
234
90
231
175
179
216
205
10
31
91
86
81
124
81
43
32
81
220
133
34
13
190
66
134
242
150
8
38
70
41
208
253
126
85
158
163
134
231
72
17
33
58
177
168
34
240
154
154
38
120
37
237
3
109
71
10
4
30
176
98
239
217
49
84
213
15
83
77
144
46
13
111
248
40
155
135
178
214
134
66
230
166
15
151
48
254
196
32
95
118
135
133
126
232
220
172
174
249
148
174
71
99
174
242
167
84
247
1
43
38
34
86
134
223
252
39
208
69
187
184
161
145
79
2
2
153
234
122
148
1
129
102
58
103
36
241
107
109
215
225
232
205
5
237
56
38
76
99
110
199
92
145
56
190
23
175
167
82
57
218
180
191
